$ANSIBLE_VAULT;1.1;AES256
32613364356361356639353862623630643932353434333266626537333935666436373664626261
3862336234373731633062643637663032303533306134630a386330666230636532353936383732
62393336323864323736626630393335333435386633386439363537396335383334356561343739
3062666232353663370a386264343138346138303861326466303432376331643938353635303330
36336537656664656636313061376639316465656137383436643562333932356531646333343138
36373037356533666363336662633732313738356239383966636639393835376461623438323331
30666639373962643337383839383531373438333739616333313339323333386432356636303262
35323563366436663032363030633765323961363036373130336138633130393265663561363462
63393735633762363364303235313338613234653561376162326435386131626432316230366633
39666637313139646131393561343062646634336637353364373339343433336563653066326136
37666234623133633036373933646632363232616263653163383637353438356266663137656438
38636565333264396166393238616430313366613335616366356233313062636132313639363461
36623736663336626332336665656237386438383431366466386532613566396562343132626436
38353039303938653165613161356539383635333134633634613230393535333364633061336436
66333234316237306135636333346438323366666265636135366265333663383664393964306466
65373563323138393838306238653963366663643032323430326332616137313766333431633739
63343130646539353833633635613561346462333566346437303039306163346466643337313837
3930623565663465363537333362353737316636623535623461
