$ANSIBLE_VAULT;1.1;AES256
37636363303937646638643230386130633066393063626636663638393339316331663937623730
3664393763363331373938363763343464383666663561360a613737626366376664666563333135
33376364636530306430326339333138363531636235623239383134366137346664623561383661
3264336332336133660a326532643863363133366566333533313266663038333162326264306665
34336636653433613865326561636130326565323664646130353163346266383138393738613763
65356664396239363961316366323163323764323536303830336535633937616334393638326131
38313639323364653736626230383665313738316461353865313065333838343461613362646465
37323363383835323164633761653135306633323436373264393839643062356136643731663239
35363563396238346435353034613938616332373039386135383938303934653235343833373638
35636438653632303138353236643261636130316430633335363839336337356465376538646135
61366433363435616634373962353766343933306531313730386331336561383761313263363438
64663735353465306366663539343033646566333231653138636331373761323735326536653663
63633862326138653036353863633030646564333432386238623866363533373831326564393961
63633736636635303139346332666161336461623765343964653463396466613136373361373837
356466653832633262663363663436613864
